1 0.174344 0.556458 0.045656 0.243509
0 0.234232 0.399056 0.015026 0.027185
1 0.401026 0.620639 0.059187 0.275074
1 0.550258 0.526694 0.053266 0.231481
1 0.625083 0.499639 0.054115 0.237500
1 0.675815 0.639426 0.091318 0.258537
1 0.323659 0.513917 0.048193 0.211944
1 0.116089 0.424486 0.050729 0.210435
1 0.274372 0.447755 0.060672 0.173972
1 0.309552 0.400093 0.033271 0.187019
1 0.266495 0.367903 0.050885 0.108731
2 0.167099 0.371491 0.044625 0.170148
2 0.605721 0.697449 0.056651 0.237491
2 0.628721 0.345917 0.036401 0.168056
