2 0.282063 0.314810 0.033469 0.132565
0 0.733776 0.351722 0.019083 0.030444
1 0.886010 0.511708 0.082792 0.212120
1 0.761823 0.480324 0.085229 0.205630
1 0.714341 0.399157 0.036526 0.199130
1 0.513448 0.409977 0.053573 0.212120
1 0.374648 0.333139 0.034089 0.162333
1 0.396016 0.315935 0.035427 0.158222
1 0.273961 0.434745 0.051672 0.194157
1 0.173159 0.657315 0.082016 0.267556
1 0.207404 0.579907 0.050734 0.251019
1 0.182885 0.470181 0.045656 0.181880
2 0.270549 0.708898 0.056005 0.242426
2 0.775513 0.339551 0.035818 0.160750
