1 0.642755 0.733074 0.064260 0.275074
1 0.746331 0.446880 0.043120 0.192407
1 0.409826 0.458153 0.044828 0.178880
1 0.787339 0.550593 0.060875 0.249519
1 0.211547 0.597190 0.043969 0.237491
1 0.330339 0.614477 0.080323 0.184880
1 0.366276 0.477690 0.035510 0.208935
1 0.402208 0.478444 0.029594 0.177370
2 0.660768 0.390282 0.034089 0.162343
2 0.056815 0.612148 0.043943 0.220778
2 0.755734 0.799375 0.063312 0.279213
1 0.713193 0.487699 0.044854 0.182676
0 0.840411 0.472699 0.017125 0.027546
1 0.851622 0.576861 0.051786 0.243556
