1 0.115557 0.567556 0.052354 0.227278
2 0.058341 0.435755 0.051578 0.172861
2 0.694583 0.394569 0.040583 0.162343
2 0.749120 0.708727 0.060031 0.216454
1 0.593547 0.736532 0.085396 0.235991
1 0.459956 0.602755 0.053266 0.220954
1 0.553385 0.559912 0.045656 0.225472
1 0.524638 0.425384 0.025370 0.172861
1 0.647237 0.459204 0.037203 0.216444
1 0.484898 0.377287 0.037203 0.169852
1 0.430786 0.539620 0.047344 0.214944
1 0.620182 0.406597 0.035510 0.192398
0 0.126271 0.552792 0.015292 0.027787
1 0.241573 0.571884 0.073052 0.188306
