0 0.336177 0.531278 0.016937 0.031315
2 0.386214 0.161759 0.045094 0.101463
1 0.767687 0.713264 0.058844 0.247120
1 0.631904 0.203347 0.040161 0.182880
2 0.961073 0.523690 0.041604 0.234491
2 0.357117 0.816042 0.057224 0.257583
1 0.308427 0.576500 0.073979 0.265556
1 0.446245 0.508981 0.076094 0.212944
1 0.687216 0.599171 0.053547 0.232991
1 0.504021 0.409403 0.045094 0.249269
1 0.547000 0.403764 0.060594 0.232991
1 0.653396 0.304810 0.045094 0.220454
1 0.391992 0.281009 0.052141 0.202926
1 0.291237 0.252829 0.036641 0.221713
