1 0.325352 0.587722 0.078630 0.269056
1 0.856755 0.440417 0.065948 0.229981
1 0.516013 0.505801 0.086245 0.228472
1 0.599719 0.500542 0.101458 0.235991
1 0.609867 0.405093 0.062568 0.171352
1 0.479656 0.672648 0.128521 0.231481
1 0.503331 0.739542 0.076099 0.281083
1 0.316898 0.254778 0.048193 0.180370
1 0.731620 0.239750 0.059187 0.207426
2 0.047729 0.503431 0.061062 0.229639
2 0.642862 0.189667 0.041099 0.186148
2 0.290719 0.774051 0.054792 0.238102
0 0.533536 0.726551 0.019573 0.034787
1 0.600831 0.338505 0.042276 0.162843
