1 0.748107 0.729319 0.054786 0.279583
2 0.063245 0.628306 0.052760 0.250722
2 0.884560 0.869130 0.063901 0.248963
2 0.735732 0.223509 0.045016 0.200074
1 0.657904 0.252824 0.047911 0.174111
1 0.669177 0.306065 0.090188 0.195407
1 0.353521 0.297921 0.059187 0.098954
1 0.318292 0.401259 0.095823 0.263056
1 0.399320 0.430699 0.023953 0.221713
1 0.371490 0.430069 0.042979 0.245509
1 0.627253 0.703139 0.065526 0.285593
1 0.304552 0.649273 0.093708 0.260546
1 0.142849 0.388731 0.070458 0.215444
0 0.455687 0.178167 0.019021 0.035074
