1 0.278836 0.548190 0.071161 0.270565
2 0.089961 0.282287 0.057495 0.201426
2 0.680974 0.783579 0.050729 0.220954
2 0.820482 0.284542 0.042276 0.196917
0 0.197063 0.446889 0.016635 0.029574
1 0.409396 0.509861 0.074406 0.249519
1 0.161521 0.471782 0.076094 0.190398
1 0.252763 0.483056 0.045797 0.197907
1 0.591674 0.267606 0.055661 0.215454
1 0.581812 0.205602 0.057062 0.184130
1 0.669529 0.379838 0.062005 0.207935
1 0.728716 0.405519 0.050734 0.221704
1 0.753023 0.617833 0.044391 0.230481
1 0.862234 0.714282 0.052844 0.227972
