1 0.804680 0.632921 0.056005 0.341991
1 0.729193 0.534435 0.080354 0.296537
1 0.575784 0.395907 0.060880 0.222944
1 0.623878 0.399157 0.069401 0.220778
1 0.342018 0.525782 0.080359 0.253250
1 0.412026 0.302838 0.059656 0.209954
0 0.803247 0.481606 0.021516 0.036231
1 0.262615 0.246366 0.073563 0.201417
1 0.549664 0.196759 0.042276 0.180370
1 0.602932 0.233588 0.038896 0.145806
2 0.176372 0.237347 0.046505 0.183380
2 0.732294 0.282435 0.033818 0.177370
2 0.552531 0.776000 0.071833 0.227278
1 0.194695 0.551755 0.056005 0.266231
