2 0.674422 0.206106 0.050885 0.174843
2 0.128688 0.466722 0.040583 0.216444
0 0.433477 0.407819 0.015495 0.026824
1 0.503247 0.559588 0.057776 0.249269
1 0.630495 0.613074 0.074688 0.265556
1 0.749573 0.417671 0.059188 0.235491
1 0.492396 0.335620 0.081729 0.191648
1 0.430745 0.176542 0.047208 0.166602
1 0.363456 0.289903 0.043682 0.180380
1 0.365227 0.436458 0.064099 0.253028
1 0.425458 0.433329 0.059188 0.204176
1 0.713990 0.228528 0.037344 0.202926
1 0.973984 0.428940 0.047208 0.235491
2 0.433172 0.737431 0.055802 0.230880
