0 0.557055 0.577806 0.018266 0.036074
2 0.672214 0.184588 0.043625 0.194806
2 0.597641 0.781625 0.054792 0.158731
2 0.088305 0.554352 0.048703 0.256130
1 0.527125 0.193602 0.065948 0.209241
1 0.466247 0.276574 0.037536 0.209241
1 0.444432 0.281083 0.064937 0.084778
1 0.431750 0.385704 0.086240 0.200222
1 0.484510 0.511968 0.055802 0.218250
1 0.517487 0.582310 0.097401 0.247120
1 0.608292 0.469579 0.059865 0.227269
1 0.718378 0.484907 0.077109 0.232685
1 0.218174 0.725708 0.079141 0.292213
1 0.315578 0.586819 0.071021 0.263343
