1 0.888128 0.550991 0.077068 0.512944
2 0.059195 0.610306 0.118391 0.778611
0 0.401284 0.586912 0.031953 0.050120
0 0.515477 0.214315 0.027255 0.056815
1 0.518766 0.525926 0.124063 0.325815
0 0.856643 0.491676 0.031016 0.060148
0 0.915383 0.462431 0.024432 0.048454
0 0.491979 0.467449 0.029135 0.041769
1 0.134836 0.471620 0.055453 0.267333
1 0.155513 0.461597 0.021620 0.187139
1 0.274875 0.460759 0.057333 0.228907
1 0.509839 0.469116 0.046052 0.309102
1 0.549310 0.464106 0.055453 0.309102
1 0.104292 0.477472 0.037594 0.228907
1 0.911622 0.514981 0.103380 0.374444
