1 0.087492 0.633176 0.074068 0.254333
2 0.817492 0.209056 0.038328 0.076833
2 0.216451 0.238324 0.032464 0.147574
2 0.343276 0.696310 0.062906 0.248917
0 0.254802 0.205935 0.017615 0.033056
1 0.814969 0.302190 0.039573 0.187583
1 0.828667 0.477153 0.060875 0.248917
1 0.549648 0.309403 0.046672 0.198417
1 0.517182 0.394181 0.062906 0.245306
1 0.443622 0.408611 0.061891 0.223667
1 0.382237 0.424847 0.056818 0.248917
1 0.329987 0.436565 0.041599 0.156926
1 0.284328 0.394181 0.057833 0.245306
1 0.169677 0.531264 0.072042 0.288602
