1 0.624786 0.606565 0.072573 0.234741
0 0.770078 0.482685 0.013385 0.023519
1 0.120914 0.648074 0.059661 0.235926
1 0.272497 0.601537 0.043828 0.238093
1 0.533516 0.657815 0.079427 0.246759
1 0.736693 0.659977 0.080990 0.285713
1 0.513646 0.404014 0.037917 0.182880
1 0.611380 0.474787 0.047448 0.219204
1 0.467313 0.338250 0.036635 0.174111
1 0.672349 0.536417 0.069052 0.202926
1 0.782615 0.491940 0.078208 0.169083
2 0.354690 0.706319 0.053266 0.180380
2 0.307547 0.396944 0.031260 0.164315
2 0.982177 0.409690 0.034500 0.158731
