0 0.654552 0.196356 0.018188 0.033028
2 0.609307 0.787940 0.056823 0.187583
2 0.009909 0.383898 0.019818 0.209241
1 0.411964 0.663662 0.073052 0.315657
1 0.270935 0.453528 0.052755 0.277778
1 0.366307 0.357921 0.075083 0.230880
1 0.432258 0.375060 0.064932 0.239898
1 0.486539 0.516653 0.070005 0.252528
1 0.572273 0.518458 0.056818 0.263343
1 0.636703 0.522065 0.065948 0.277778
1 0.602714 0.471560 0.032469 0.205620
1 0.099971 0.752949 0.114651 0.364361
1 0.047721 0.421958 0.044641 0.265157
2 0.653971 0.347380 0.040516 0.216074
