1 0.867237 0.664079 0.076943 0.297620
2 0.148065 0.778741 0.065953 0.274167
2 0.947070 0.583935 0.038557 0.259741
2 0.352510 0.333213 0.034500 0.169556
0 0.177979 0.194630 0.017615 0.033056
1 0.261008 0.467773 0.071870 0.225472
1 0.396461 0.463111 0.072714 0.231481
1 0.480586 0.377435 0.063411 0.201426
1 0.704529 0.517194 0.051849 0.268759
1 0.562562 0.593616 0.065750 0.244157
1 0.563279 0.725713 0.077786 0.267556
1 0.145174 0.379991 0.046505 0.297611
1 0.194635 0.476190 0.064260 0.252528
1 0.504091 0.325880 0.033818 0.189389
