1 0.781427 0.534440 0.063312 0.238102
1 0.917789 0.534440 0.063307 0.238102
1 0.657240 0.447856 0.073052 0.212120
1 0.586620 0.450028 0.063312 0.164500
1 0.281630 0.614528 0.071833 0.225111
1 0.128828 0.609116 0.048698 0.248917
1 0.180573 0.506301 0.045052 0.251083
1 0.596185 0.346625 0.039453 0.115287
1 0.560953 0.318463 0.031000 0.166593
1 0.306651 0.491037 0.045656 0.183981
0 0.901753 0.516991 0.018203 0.035463
2 0.688753 0.695347 0.057495 0.132269
2 0.716250 0.340042 0.023240 0.158028
2 0.044987 0.554079 0.042266 0.231731
