1 0.588568 0.450889 0.038958 0.216444
1 0.741979 0.652185 0.073052 0.238093
1 0.396807 0.594829 0.054792 0.257583
1 0.360281 0.450889 0.047479 0.233759
1 0.459792 0.533144 0.054583 0.251083
1 0.015154 0.560630 0.030307 0.257148
2 0.876820 0.515745 0.043682 0.192898
2 0.229742 0.730764 0.076099 0.266954
2 0.314063 0.320338 0.037344 0.179120
1 0.223917 0.492019 0.054792 0.238093
0 0.671198 0.243435 0.015625 0.026278
1 0.586544 0.288662 0.074370 0.135694
1 0.614435 0.389912 0.035234 0.195713
1 0.657969 0.474699 0.051135 0.220787
