1 0.165042 0.600046 0.076094 0.177370
1 0.260672 0.559463 0.084552 0.264556
1 0.306328 0.618088 0.060875 0.273565
1 0.418359 0.473782 0.049885 0.219454
1 0.407367 0.420426 0.053266 0.229981
1 0.584500 0.487315 0.076094 0.300630
1 0.656792 0.573745 0.049885 0.341213
1 0.742188 0.478296 0.061719 0.246519
1 0.916362 0.529398 0.051578 0.240500
1 0.814479 0.382847 0.069333 0.193898
0 0.649208 0.394528 0.022656 0.037259
2 0.754490 0.317509 0.037094 0.142463
2 0.578497 0.741093 0.053547 0.170352
2 0.052875 0.562597 0.045094 0.239250
