1 0.363568 0.480398 0.049719 0.196611
2 0.391573 0.718134 0.047688 0.182176
2 0.304198 0.380343 0.037344 0.184130
2 0.881258 0.373449 0.030297 0.190398
0 0.530453 0.527426 0.014948 0.029000
1 0.654029 0.573991 0.036641 0.258037
1 0.823695 0.613875 0.071026 0.254324
1 0.852104 0.479495 0.042615 0.180380
1 0.741513 0.466880 0.077109 0.205611
1 0.718682 0.357745 0.043625 0.189398
1 0.534023 0.432602 0.065953 0.151519
1 0.508151 0.549843 0.064938 0.191204
1 0.447268 0.552551 0.056828 0.203824
1 0.376760 0.412755 0.057833 0.212843
