2 0.895818 0.376986 0.045656 0.210435
1 0.869573 0.525130 0.084010 0.244593
1 0.722862 0.400671 0.043828 0.207787
1 0.466573 0.525134 0.052354 0.214287
1 0.290638 0.682060 0.075484 0.233769
1 0.361258 0.561931 0.043839 0.253250
1 0.366125 0.522968 0.058437 0.201306
1 0.333857 0.525134 0.054797 0.227269
1 0.304031 0.612792 0.063312 0.233769
1 0.959065 0.473185 0.080359 0.274889
2 0.229724 0.431694 0.039740 0.186389
1 0.677815 0.422319 0.068182 0.207787
2 0.336935 0.854227 0.049036 0.067639
0 0.262630 0.538222 0.016635 0.029574
