1 0.550513 0.762884 0.054984 0.245509
1 0.367333 0.628231 0.060594 0.251778
1 0.428984 0.258778 0.042979 0.156444
1 0.686159 0.310694 0.069755 0.197907
1 0.615346 0.335750 0.049318 0.243000
1 0.399391 0.368944 0.035937 0.216704
1 0.674534 0.515944 0.087370 0.197556
2 0.645643 0.264347 0.053547 0.165343
2 0.766065 0.861171 0.053776 0.254324
2 0.029690 0.625602 0.040161 0.225463
0 0.624505 0.197218 0.015052 0.023157
1 0.884854 0.491069 0.050021 0.217954
1 0.222896 0.611315 0.060583 0.207926
1 0.188013 0.633241 0.038755 0.254278
