2 0.391979 0.816199 0.054958 0.135287
1 0.860526 0.616042 0.093344 0.218250
1 0.759065 0.602514 0.068995 0.245306
1 0.476495 0.732384 0.063917 0.238102
1 0.606365 0.809042 0.108563 0.146102
1 0.315680 0.618764 0.058849 0.241731
1 0.138630 0.770264 0.086240 0.234491
1 0.428299 0.414921 0.034495 0.230880
1 0.568318 0.377046 0.048698 0.205630
1 0.677388 0.303093 0.043630 0.187593
1 0.426779 0.292269 0.041599 0.191204
0 0.650154 0.801356 0.020432 0.036361
2 0.930815 0.325981 0.046974 0.196241
2 0.276568 0.363755 0.045656 0.210435
