1 0.394682 0.378787 0.070177 0.195407
1 0.878654 0.469278 0.047349 0.207426
1 0.551102 0.296866 0.041432 0.172861
1 0.610286 0.591477 0.095542 0.208935
1 0.669474 0.471963 0.078635 0.192370
1 0.671583 0.565176 0.062562 0.231481
1 0.144411 0.587722 0.039740 0.228481
1 0.280117 0.555407 0.069328 0.220963
1 0.294068 0.444926 0.043125 0.183389
1 0.279273 0.405843 0.037203 0.171352
0 0.670117 0.465852 0.015266 0.027148
2 0.847370 0.321218 0.033823 0.175861
2 0.304721 0.795602 0.047349 0.177370
2 0.191466 0.363972 0.037578 0.156574
