2 0.129250 0.544306 0.046500 0.205426
2 0.741047 0.295917 0.038750 0.177870
2 0.331609 0.779421 0.056646 0.199657
1 0.428708 0.724449 0.052760 0.239898
0 0.378622 0.092148 0.015880 0.029037
1 0.382544 0.360810 0.056818 0.158731
1 0.392690 0.391477 0.036526 0.158731
1 0.333841 0.432963 0.056818 0.202019
1 0.292240 0.508722 0.062906 0.223667
1 0.156792 0.709838 0.047688 0.243509
1 0.247599 0.659333 0.095375 0.196611
1 0.480453 0.752227 0.049719 0.227269
1 0.912677 0.371634 0.057833 0.194806
1 0.627065 0.463625 0.079141 0.216454
