2 0.619859 0.792088 0.054792 0.187583
2 0.165820 0.274407 0.049714 0.183981
2 0.713711 0.285231 0.033484 0.144296
1 0.463409 0.322537 0.036526 0.199130
1 0.499932 0.344181 0.065750 0.181824
0 0.449341 0.358861 0.014099 0.028185
1 0.150500 0.479458 0.051135 0.209954
1 0.395224 0.756519 0.065750 0.261907
1 0.502977 0.689417 0.105922 0.253241
1 0.747701 0.530329 0.069401 0.233769
1 0.850583 0.712144 0.060875 0.268398
1 0.546198 0.573620 0.056010 0.242426
1 0.429315 0.562792 0.065745 0.229435
1 0.354448 0.430759 0.115687 0.225111
