1 0.660951 0.342056 0.041599 0.174963
0 0.686474 0.454088 0.015729 0.027676
1 0.151615 0.819144 0.098417 0.223657
1 0.295690 0.703704 0.084214 0.223667
1 0.382440 0.429532 0.044641 0.216454
1 0.427591 0.345657 0.041599 0.171352
1 0.712695 0.477333 0.070005 0.189389
1 0.550865 0.517019 0.060875 0.232685
1 0.593987 0.590069 0.080151 0.248917
1 0.657401 0.575639 0.083198 0.205630
1 0.615799 0.417810 0.046672 0.146102
2 0.193227 0.428690 0.053547 0.197917
2 0.985617 0.423051 0.028766 0.120250
2 0.332878 0.834037 0.046505 0.101463
