1 0.233701 0.726611 0.077109 0.265148
0 0.340513 0.473963 0.015641 0.028389
2 0.745714 0.316384 0.037677 0.144620
2 0.609268 0.811495 0.056005 0.140694
2 0.208023 0.312199 0.042276 0.190398
1 0.373398 0.498810 0.082161 0.196639
1 0.420589 0.510523 0.071021 0.198417
1 0.356164 0.584477 0.072036 0.252528
1 0.583943 0.263407 0.064938 0.151519
1 0.542344 0.377046 0.042615 0.220056
1 0.688953 0.462727 0.037542 0.221861
1 0.749326 0.466329 0.046672 0.200213
1 0.799547 0.791005 0.072042 0.257935
1 0.659023 0.636782 0.068995 0.234491
