1 0.514419 0.314528 0.036526 0.171000
1 0.890638 0.697644 0.053568 0.253250
1 0.739055 0.619722 0.054786 0.235926
1 0.657482 0.389199 0.064526 0.194806
1 0.724445 0.328597 0.045047 0.212120
1 0.466328 0.359977 0.074271 0.158009
1 0.339703 0.604569 0.042615 0.205620
1 0.244737 0.551542 0.047484 0.212120
1 0.143076 0.663009 0.068182 0.235926
1 0.315964 0.762579 0.060875 0.218620
0 0.716208 0.218116 0.016635 0.026102
2 0.765529 0.319713 0.034641 0.167019
2 0.284000 0.342699 0.030531 0.102250
2 0.368049 0.796657 0.054109 0.175870
