1 0.630331 0.611931 0.057224 0.212120
1 0.321688 0.606519 0.051135 0.209963
1 0.248633 0.752620 0.080359 0.229444
1 0.349690 0.442014 0.038964 0.170991
1 0.263854 0.477731 0.042615 0.181815
1 0.456224 0.357597 0.074271 0.153676
1 0.669901 0.408468 0.070615 0.199139
1 0.728341 0.366259 0.056005 0.171000
1 0.494440 0.310426 0.050495 0.150315
0 0.511589 0.295787 0.012760 0.023611
2 0.273586 0.347847 0.037724 0.099583
2 0.358214 0.789417 0.041396 0.181815
2 0.850094 0.344611 0.051135 0.166667
1 0.844617 0.743963 0.057224 0.229444
