1 0.568773 0.373977 0.049880 0.216454
0 0.289997 0.588546 0.016755 0.028944
2 0.608802 0.809046 0.050729 0.147907
2 0.242018 0.305796 0.047682 0.187593
2 0.739547 0.318412 0.036208 0.147009
1 0.216195 0.712181 0.041432 0.255528
1 0.359510 0.644537 0.084552 0.222463
1 0.471542 0.519782 0.060031 0.189398
1 0.662625 0.655060 0.073563 0.234491
1 0.408971 0.493477 0.083703 0.178880
1 0.579841 0.262718 0.068172 0.152398
1 0.723365 0.489755 0.055792 0.209806
1 0.739224 0.462093 0.038167 0.206685
1 0.773878 0.786171 0.069401 0.259731
