2 0.637005 0.805412 0.052760 0.161213
2 0.741734 0.304569 0.038958 0.155843
1 0.380734 0.479676 0.053573 0.222944
1 0.438568 0.500241 0.062094 0.220778
1 0.530492 0.356301 0.056005 0.231602
1 0.417263 0.552190 0.058443 0.233769
1 0.574323 0.241583 0.075490 0.166667
1 0.764867 0.519722 0.098620 0.246759
1 0.616938 0.609551 0.087667 0.248917
1 0.836094 0.561931 0.048698 0.248917
1 0.871401 0.780542 0.085229 0.244583
1 0.377693 0.781625 0.071833 0.199139
0 0.358349 0.433190 0.015969 0.031417
2 0.235221 0.250421 0.044641 0.194806
