1 0.488784 0.631389 0.066057 0.250519
1 0.626763 0.574847 0.063120 0.201806
1 0.554594 0.464375 0.037188 0.299231
1 0.514227 0.451324 0.047464 0.227907
1 0.467500 0.477421 0.038167 0.168750
1 0.437188 0.405657 0.076281 0.202685
1 0.460159 0.271264 0.047953 0.175713
1 0.226909 0.332069 0.047953 0.205287
1 0.201333 0.574194 0.059865 0.239907
1 0.086174 0.688736 0.056818 0.248917
0 0.510755 0.350926 0.016302 0.026852
2 0.622906 0.325625 0.036063 0.127269
2 0.047096 0.352032 0.048193 0.192398
2 0.562635 0.795264 0.062094 0.175324
