1 0.503422 0.318565 0.038750 0.150315
1 0.244427 0.725245 0.076333 0.224417
1 0.595607 0.646333 0.066932 0.227556
1 0.754727 0.763241 0.056370 0.244259
1 0.627313 0.550296 0.073979 0.187889
1 0.584745 0.520551 0.052260 0.157620
1 0.510174 0.451657 0.071047 0.176407
1 0.496964 0.251241 0.041104 0.176407
1 0.481641 0.459718 0.064427 0.202028
0 0.630849 0.539028 0.017052 0.028185
2 0.380154 0.774282 0.042276 0.207935
1 0.334026 0.617630 0.065177 0.216074
2 0.337052 0.329458 0.037187 0.153102
2 0.853784 0.318296 0.040370 0.172519
