1 0.345102 0.719579 0.066964 0.321065
2 0.696685 0.682273 0.053568 0.266231
2 0.045307 0.285088 0.053573 0.229435
2 0.804435 0.307819 0.057224 0.266231
0 0.190443 0.566806 0.015573 0.027870
1 0.392789 0.609546 0.095370 0.295815
1 0.478526 0.335375 0.055802 0.230880
1 0.261904 0.504028 0.077109 0.200222
1 0.163490 0.522968 0.073052 0.238102
1 0.405979 0.262324 0.050729 0.193000
1 0.642385 0.374157 0.042615 0.254333
1 0.679417 0.310125 0.047687 0.238102
1 0.789503 0.551829 0.075078 0.266954
1 0.944711 0.649977 0.085911 0.255583
