1 0.680635 0.423944 0.048698 0.115444
0 0.689052 0.573454 0.015167 0.026963
2 0.363669 0.802005 0.061891 0.257935
2 0.320549 0.376324 0.044641 0.207426
2 0.967362 0.342954 0.039568 0.198407
1 0.686721 0.526755 0.077109 0.162343
1 0.481271 0.409523 0.080167 0.187565
1 0.420893 0.360810 0.048703 0.209231
1 0.210362 0.744111 0.061891 0.268759
1 0.378281 0.592593 0.052760 0.261537
1 0.534023 0.818060 0.055807 0.236287
1 0.572070 0.670153 0.091318 0.247120
1 0.823357 0.407125 0.065745 0.212991
1 0.653240 0.519542 0.058844 0.234491
