2 0.317302 0.776759 0.067979 0.220056
2 0.209784 0.364255 0.048932 0.175713
2 0.941531 0.603056 0.040177 0.261907
0 0.370078 0.401653 0.018802 0.032361
1 0.479964 0.367338 0.043833 0.194806
1 0.515273 0.453921 0.053568 0.246750
1 0.460484 0.514528 0.092531 0.272722
1 0.383172 0.499375 0.064531 0.190472
1 0.310120 0.424699 0.069396 0.214287
1 0.155495 0.406301 0.052354 0.203472
1 0.779266 0.699593 0.084802 0.274889
1 0.575654 0.567773 0.076724 0.251083
1 0.397904 0.645694 0.059661 0.255407
1 0.188185 0.699852 0.073641 0.280519
