1 0.644818 0.481194 0.063312 0.264074
1 0.583943 0.470370 0.102271 0.277056
1 0.775703 0.493102 0.062094 0.296537
1 0.531589 0.663014 0.073052 0.307361
2 0.356628 0.730329 0.059661 0.173157
1 0.468885 0.568856 0.081573 0.253250
1 0.311823 0.560194 0.054792 0.244593
1 0.280169 0.637037 0.057224 0.277056
1 0.207724 0.571019 0.056010 0.313852
1 0.068924 0.626213 0.087661 0.277056
0 0.741224 0.417593 0.018177 0.034444
2 0.870125 0.331111 0.052844 0.209185
1 0.667344 0.455218 0.071833 0.238102
2 0.248677 0.310116 0.040167 0.198565
