1 0.648573 0.555255 0.053771 0.272361
1 0.885992 0.640931 0.051745 0.270565
1 0.570956 0.442519 0.046672 0.220056
1 0.532401 0.333394 0.032469 0.160528
1 0.430938 0.397426 0.060875 0.180370
1 0.340641 0.342412 0.042615 0.178565
0 0.120469 0.553454 0.010146 0.027056
2 0.298187 0.776431 0.065750 0.216454
2 0.262187 0.345551 0.040625 0.176583
2 0.991859 0.560106 0.016281 0.240083
1 0.111844 0.572394 0.067979 0.234491
1 0.239177 0.566079 0.060875 0.221861
1 0.361438 0.494829 0.070010 0.216454
1 0.479133 0.483106 0.043630 0.243509
