2 0.634958 0.747426 0.063313 0.229444
1 0.350784 0.690069 0.132714 0.266231
1 0.066490 0.436824 0.082792 0.222944
1 0.376961 0.343745 0.053568 0.179657
1 0.439664 0.467120 0.064526 0.201296
1 0.478016 0.503921 0.075490 0.162343
1 0.560807 0.642444 0.102271 0.222944
1 0.551068 0.440069 0.080354 0.177491
1 0.600378 0.472537 0.101057 0.225111
1 0.714826 0.423833 0.079141 0.253241
1 0.568115 0.376213 0.051135 0.132037
0 0.431682 0.418185 0.016146 0.031315
2 0.655089 0.337148 0.037573 0.189981
2 0.117247 0.375769 0.068109 0.179537
