1 0.422740 0.491782 0.025823 0.134102
1 0.489813 0.548444 0.026500 0.122019
1 0.554203 0.504653 0.026167 0.129880
1 0.602284 0.594356 0.032620 0.113565
1 0.666505 0.444245 0.029219 0.120213
1 0.677888 0.429745 0.022089 0.099676
1 0.762336 0.482301 0.031234 0.132287
1 0.752130 0.434273 0.019708 0.108731
1 0.567286 0.433065 0.025823 0.106315
1 0.478091 0.415546 0.022089 0.111148
0 0.745081 0.454282 0.006828 0.012620
2 0.730193 0.414213 0.023500 0.095648
2 0.337367 0.409176 0.019536 0.101185
2 0.476943 0.599407 0.026094 0.084093
