1 0.683622 0.600505 0.106859 0.202509
1 0.767174 0.549255 0.045797 0.311065
1 0.814734 0.422426 0.041104 0.191019
1 0.688495 0.482449 0.045802 0.194157
1 0.397557 0.631718 0.059302 0.248435
1 0.219063 0.718356 0.060479 0.273491
1 0.473596 0.415120 0.037578 0.199370
1 0.486852 0.354468 0.038734 0.165269
1 0.416310 0.457037 0.041182 0.218185
1 0.364932 0.407745 0.036292 0.203694
0 0.758508 0.412565 0.017932 0.032722
2 0.656849 0.774412 0.064823 0.217954
2 0.096560 0.572495 0.032786 0.233120
2 0.703536 0.350681 0.034250 0.167009
