2 0.946870 0.819144 0.083198 0.326472
2 0.075318 0.591875 0.042615 0.257935
2 0.802716 0.329894 0.040609 0.183546
0 0.472008 0.479218 0.018349 0.028991
1 0.928565 0.418185 0.049911 0.217463
1 0.727513 0.473157 0.044036 0.230519
1 0.688612 0.331370 0.037672 0.164407
1 0.558214 0.510130 0.066542 0.252259
1 0.560659 0.415315 0.043057 0.196593
1 0.471388 0.485421 0.080786 0.218509
1 0.490193 0.621449 0.063313 0.270565
1 0.606102 0.720806 0.122974 0.277056
1 0.374771 0.645046 0.091313 0.290037
1 0.401099 0.618926 0.062927 0.281389
