1 0.286234 0.559593 0.086667 0.236741
0 0.538018 0.442491 0.014589 0.026574
2 0.297789 0.831532 0.054109 0.228472
2 0.903680 0.347074 0.064255 0.195407
2 0.205711 0.357593 0.041432 0.201426
1 0.497010 0.806301 0.090094 0.287880
1 0.873818 0.597463 0.050729 0.266963
1 0.724135 0.473162 0.094417 0.231731
1 0.632188 0.542051 0.058479 0.239250
1 0.503247 0.443097 0.100755 0.219213
1 0.605414 0.408648 0.059891 0.157833
1 0.573354 0.378583 0.046500 0.142796
1 0.348589 0.632866 0.062000 0.273065
1 0.065396 0.739417 0.075490 0.240259
