1 0.431167 0.537421 0.076094 0.239250
2 0.783242 0.271611 0.041099 0.181796
1 0.429091 0.327384 0.063484 0.187454
1 0.117932 0.575097 0.073052 0.263343
1 0.384313 0.367690 0.057073 0.318157
2 0.806615 0.718944 0.061719 0.225463
0 0.409172 0.246417 0.017125 0.030500
1 0.501026 0.658898 0.073052 0.270556
1 0.843156 0.601537 0.060875 0.311685
1 0.772539 0.486819 0.046266 0.264065
1 0.798258 0.384602 0.042276 0.244259
1 0.726745 0.404639 0.047208 0.244259
1 0.479784 0.402759 0.046505 0.222963
2 0.177023 0.461259 0.042276 0.210444
