1 0.016573 0.559944 0.025365 0.232685
1 0.383352 0.504028 0.056818 0.214648
1 0.688753 0.566259 0.087255 0.241704
1 0.506628 0.748435 0.112620 0.259741
1 0.309286 0.697032 0.064937 0.261546
2 0.182529 0.399134 0.044036 0.181806
2 0.910352 0.386083 0.029870 0.164407
2 0.708706 0.760880 0.055807 0.177370
0 0.492622 0.414667 0.011891 0.022148
1 0.644633 0.448315 0.040516 0.197278
1 0.632599 0.447273 0.057542 0.205639
1 0.585768 0.642917 0.070005 0.225463
1 0.560378 0.506245 0.046974 0.231731
1 0.479742 0.415644 0.042609 0.182176
