2 0.099253 0.434079 0.022016 0.196657
2 0.757310 0.434431 0.038161 0.178491
1 0.129747 0.520551 0.045224 0.205639
1 0.619622 0.450019 0.025443 0.187019
1 0.638828 0.472532 0.039323 0.197287
1 0.361388 0.559694 0.061068 0.210852
1 0.382820 0.505412 0.040516 0.206676
1 0.284766 0.431301 0.041687 0.192065
1 0.874565 0.744449 0.069286 0.223380
2 0.431633 0.791847 0.062568 0.181880
1 0.779445 0.655727 0.050495 0.242176
1 0.248513 0.743745 0.061891 0.245306
1 0.188143 0.711278 0.071026 0.238093
0 0.478104 0.143565 0.020042 0.029574
