1 0.587594 0.369505 0.043833 0.175324
1 0.510891 0.431194 0.051135 0.203463
1 0.466451 0.425782 0.064526 0.218620
1 0.656385 0.540500 0.045052 0.201296
2 0.955779 0.553051 0.047484 0.229435
2 0.393844 0.314431 0.030604 0.178806
1 0.728219 0.534005 0.052354 0.253250
1 0.642992 0.604356 0.074266 0.229435
1 0.412268 0.685523 0.087661 0.283546
2 0.202734 0.751106 0.053573 0.257583
0 0.458711 0.504102 0.018307 0.035074
1 0.077815 0.530528 0.056370 0.225463
1 0.295885 0.540551 0.045802 0.220454
1 0.566094 0.306315 0.045094 0.195407
