1 0.226003 0.600194 0.044172 0.210685
1 0.329385 0.418907 0.051688 0.165574
1 0.351003 0.406375 0.031016 0.137176
1 0.619799 0.580981 0.051693 0.192315
1 0.714255 0.563435 0.054510 0.190648
1 0.448745 0.413060 0.029135 0.153880
2 0.237458 0.381250 0.029687 0.155019
1 0.391909 0.321880 0.030609 0.148426
2 0.435974 0.704481 0.037104 0.161611
1 0.784273 0.557588 0.074245 0.178954
1 0.904104 0.621079 0.045115 0.225731
0 0.875909 0.632778 0.013161 0.038593
2 0.921492 0.353745 0.036651 0.158898
1 0.181828 0.643639 0.053573 0.200667
