1 0.506937 0.230352 0.065865 0.153370
1 0.575120 0.307861 0.092760 0.159963
0 0.497198 0.163560 0.014844 0.023083
1 0.241167 0.726745 0.053802 0.262213
1 0.331148 0.617898 0.046380 0.245722
1 0.353878 0.410106 0.047307 0.258917
1 0.453599 0.387019 0.103896 0.183056
1 0.486995 0.468653 0.053802 0.211083
1 0.682263 0.396093 0.065859 0.214389
1 0.691073 0.233653 0.051948 0.166565
1 0.879849 0.482671 0.069573 0.219343
2 0.949888 0.302088 0.037109 0.194602
2 0.282911 0.308685 0.046385 0.188000
2 0.473078 0.797657 0.055656 0.222630
