0 0.728182 0.358981 0.016698 0.028037
2 0.185974 0.317755 0.032469 0.176454
2 0.654898 0.220458 0.040818 0.163269
2 0.612227 0.777042 0.046380 0.224287
1 0.156753 0.668199 0.048234 0.247380
1 0.248125 0.522250 0.039885 0.216037
1 0.358513 0.213032 0.043599 0.171509
1 0.369182 0.269931 0.040813 0.169861
1 0.532911 0.701181 0.064010 0.250676
1 0.532448 0.522250 0.066792 0.202852
1 0.534766 0.381245 0.067719 0.191306
1 0.568161 0.391144 0.071427 0.201194
1 0.621503 0.329301 0.044526 0.176454
1 0.727716 0.313634 0.045453 0.161620
