0 0.570482 0.320231 0.012984 0.029685
1 0.249518 0.650884 0.057516 0.225935
1 0.345992 0.519778 0.098328 0.191296
1 0.466120 0.540389 0.067719 0.189648
1 0.483745 0.462056 0.034323 0.161611
1 0.445250 0.283944 0.029687 0.184704
1 0.475398 0.197366 0.038036 0.163269
1 0.492096 0.359806 0.045453 0.181407
1 0.570018 0.326000 0.056589 0.153370
1 0.647477 0.419176 0.076068 0.181407
1 0.675307 0.366407 0.070500 0.145130
2 0.287549 0.264157 0.037109 0.151722
2 0.466586 0.719324 0.048234 0.161611
2 0.828831 0.255912 0.041745 0.178102
