0 0.378496 0.474486 0.016695 0.034639
1 0.649367 0.494278 0.055656 0.258917
2 0.281555 0.284833 0.032469 0.169861
2 0.956879 0.528083 0.049164 0.237472
1 0.221723 0.429139 0.066789 0.188000
1 0.270426 0.464597 0.075133 0.219333
1 0.452242 0.537979 0.089984 0.237486
1 0.407254 0.520667 0.076070 0.235833
1 0.384992 0.414292 0.070500 0.102250
1 0.383598 0.404403 0.028758 0.102250
1 0.736566 0.556118 0.079773 0.283653
1 0.596492 0.401104 0.061219 0.184708
1 0.719406 0.407701 0.047313 0.207792
2 0.215230 0.787000 0.055664 0.260556
