0 0.258794 0.528843 0.024120 0.028037
1 0.212411 0.333421 0.051948 0.201194
1 0.297753 0.381245 0.044526 0.204491
1 0.402112 0.260856 0.041745 0.171509
1 0.446177 0.352389 0.066792 0.186352
1 0.586716 0.554407 0.060297 0.227574
1 0.626141 0.610477 0.055656 0.237472
1 0.744880 0.640986 0.053802 0.232528
1 0.791260 0.626972 0.053802 0.220981
1 0.267143 0.587389 0.081630 0.217685
1 0.304247 0.578319 0.111318 0.202843
2 0.217049 0.732519 0.055661 0.181407
2 0.304711 0.259208 0.043599 0.171509
2 0.846456 0.553583 0.036182 0.235833
