0 0.780130 0.355685 0.016698 0.028037
1 0.211021 0.635213 0.084417 0.244074
1 0.428552 0.487616 0.050094 0.239120
1 0.451279 0.321880 0.054734 0.191296
1 0.447570 0.244370 0.060297 0.161611
1 0.553320 0.420005 0.041745 0.199546
1 0.578367 0.430722 0.041745 0.240778
1 0.619648 0.494213 0.079776 0.225926
1 0.679482 0.411755 0.095547 0.206139
1 0.704526 0.394440 0.043604 0.178102
1 0.757401 0.392792 0.064010 0.174806
2 0.099701 0.491741 0.041745 0.220981
2 0.775026 0.703653 0.052875 0.258917
2 0.603875 0.240250 0.051948 0.183056
