0 0.805177 0.381250 0.014844 0.032981
1 0.250445 0.610477 0.063078 0.230880
1 0.314917 0.476074 0.030615 0.212741
1 0.384023 0.359810 0.046380 0.178102
1 0.410927 0.279000 0.027833 0.164907
1 0.545898 0.341667 0.043599 0.191296
1 0.565380 0.331773 0.039885 0.178102
1 0.625677 0.490917 0.084417 0.176463
1 0.698497 0.598111 0.076068 0.219333
1 0.746734 0.388671 0.070500 0.163269
1 0.788477 0.377949 0.044526 0.112139
2 0.168349 0.415880 0.038031 0.194593
2 0.754620 0.683042 0.054729 0.220991
2 0.655359 0.261685 0.036177 0.150074
