0 0.358979 0.579144 0.020406 0.036287
1 0.218443 0.373824 0.051021 0.209444
1 0.209628 0.542037 0.081630 0.183056
1 0.310276 0.579144 0.101115 0.207787
1 0.333005 0.429898 0.090906 0.202852
1 0.370112 0.452986 0.079776 0.189657
1 0.507404 0.413403 0.061224 0.202843
1 0.599703 0.443093 0.049167 0.219333
1 0.617328 0.542037 0.073281 0.176463
1 0.634490 0.565949 0.066792 0.227583
1 0.646547 0.372176 0.050094 0.176463
2 0.061669 0.349912 0.038036 0.201194
2 0.514359 0.740759 0.069573 0.217685
2 0.748589 0.344139 0.037104 0.186352
