1 0.971224 0.483495 0.051948 0.296843
0 0.369182 0.095944 0.024115 0.032981
1 0.371039 0.261685 0.044526 0.295204
1 0.405359 0.486792 0.048240 0.253972
1 0.436438 0.518949 0.054729 0.258917
1 0.461945 0.479370 0.042672 0.255611
1 0.498125 0.518949 0.051948 0.262213
1 0.527810 0.252616 0.057516 0.224287
1 0.538013 0.339194 0.061224 0.219333
1 0.616865 0.256741 0.068646 0.216037
1 0.772242 0.458759 0.078849 0.280352
2 0.015297 0.452986 0.030594 0.255620
2 0.794971 0.687167 0.063078 0.272111
2 0.737458 0.183352 0.038958 0.188000
