0 0.896083 0.615426 0.020406 0.032981
1 0.087641 0.626144 0.052875 0.258917
1 0.198495 0.524722 0.050094 0.240778
1 0.384023 0.317759 0.044526 0.186352
1 0.422523 0.388667 0.045453 0.189648
1 0.461484 0.359810 0.056583 0.174806
1 0.443857 0.254264 0.043599 0.089046
1 0.525956 0.359810 0.042672 0.178102
1 0.542190 0.371352 0.041745 0.181407
1 0.807029 0.585741 0.079776 0.214389
1 0.858979 0.586565 0.083490 0.192944
2 0.245344 0.292194 0.032469 0.178111
2 0.420203 0.690463 0.048240 0.163259
2 0.975398 0.292194 0.043599 0.171519
