0 0.218906 0.397741 0.018552 0.029685
1 0.224471 0.412583 0.046380 0.178111
1 0.343674 0.628620 0.060297 0.240778
1 0.320018 0.382894 0.066786 0.171509
1 0.365471 0.400213 0.046380 0.179759
1 0.413247 0.396093 0.075141 0.217685
1 0.429479 0.544514 0.046385 0.230880
1 0.652115 0.661602 0.053802 0.267167
1 0.668346 0.515653 0.045453 0.235824
1 0.781984 0.467829 0.055656 0.232528
1 0.937365 0.625324 0.051021 0.280352
2 0.512039 0.720972 0.042672 0.240778
2 0.399333 0.263333 0.034323 0.146778
2 0.794971 0.316106 0.035255 0.169861
