0 0.321409 0.617898 0.015766 0.031333
1 0.146549 0.280648 0.057516 0.181407
1 0.217049 0.390319 0.053807 0.225935
1 0.403042 0.578319 0.073281 0.209435
1 0.351094 0.584917 0.076990 0.202852
1 0.418810 0.408458 0.045453 0.216046
1 0.484674 0.537912 0.060297 0.230880
1 0.486992 0.499162 0.063078 0.219343
1 0.571872 0.264986 0.036182 0.166565
1 0.617792 0.299616 0.040812 0.192954
1 0.926698 0.565125 0.048240 0.255620
2 0.194786 0.317759 0.031542 0.186352
2 0.748125 0.734986 0.052875 0.258917
2 0.885880 0.300440 0.038958 0.197898
