0 0.408143 0.421653 0.025974 0.041231
1 0.318161 0.512356 0.072354 0.222639
1 0.307958 0.410935 0.061229 0.181407
1 0.319552 0.299616 0.034323 0.143472
1 0.518070 0.499162 0.054734 0.239120
1 0.573727 0.511532 0.045453 0.224287
1 0.561206 0.387019 0.057516 0.186352
1 0.620109 0.388671 0.047312 0.232528
1 0.656753 0.425778 0.057516 0.214389
1 0.898404 0.584093 0.058443 0.230889
1 0.974008 0.631093 0.046380 0.268815
2 0.195714 0.328472 0.040813 0.188000
2 0.778273 0.311162 0.042672 0.196250
2 0.717513 0.734162 0.049161 0.253972
