1 0.602059 0.395326 0.051945 0.202847
0 0.932762 0.586632 0.019477 0.028042
1 0.136379 0.577563 0.053805 0.207792
1 0.272281 0.556951 0.082563 0.202847
1 0.494914 0.474486 0.067719 0.196250
1 0.526457 0.501701 0.062148 0.234181
1 0.518105 0.309576 0.041742 0.143486
1 0.556605 0.390382 0.051945 0.209431
1 0.805676 0.554472 0.075133 0.181417
1 0.906789 0.594882 0.073281 0.189653
2 0.460594 0.664965 0.047313 0.178097
2 0.268109 0.265875 0.035250 0.164917
2 0.935082 0.293910 0.038961 0.174819
1 0.570516 0.258451 0.027828 0.117097
