0 0.411391 0.817444 0.017625 0.037926
1 0.113617 0.386194 0.043599 0.178111
1 0.448034 0.315282 0.046380 0.158324
1 0.326047 0.472778 0.058438 0.186352
1 0.391445 0.669847 0.064932 0.194602
1 0.396547 0.755602 0.084417 0.178111
1 0.522708 0.442269 0.080708 0.188000
1 0.594599 0.495861 0.072354 0.222630
1 0.642375 0.643463 0.052875 0.244074
1 0.587643 0.358157 0.058443 0.128630
1 0.835323 0.744060 0.089979 0.237472
2 0.281984 0.325176 0.038958 0.174815
2 0.924378 0.622023 0.038036 0.234176
2 0.349701 0.884236 0.063078 0.181398
