0 0.834859 0.379597 0.016698 0.026380
1 0.033375 0.627796 0.064938 0.275407
1 0.147013 0.566778 0.075141 0.268815
1 0.258328 0.354861 0.054729 0.237481
1 0.293581 0.323528 0.056589 0.214389
1 0.429479 0.484319 0.046385 0.242417
1 0.452206 0.514829 0.073286 0.263861
1 0.471687 0.319403 0.043604 0.206139
1 0.535695 0.269931 0.049161 0.206139
1 0.669740 0.463708 0.048240 0.227583
1 0.834862 0.454634 0.059370 0.255620
2 0.172984 0.320227 0.049167 0.204491
2 0.326977 0.711074 0.060297 0.250667
2 0.785695 0.297144 0.048234 0.197898
