1 0.916492 0.802606 0.105755 0.328176
0 0.692003 0.177579 0.020411 0.034639
2 0.081148 0.334245 0.043599 0.235824
2 0.679016 0.875167 0.057510 0.245722
2 0.717049 0.338370 0.044526 0.214389
1 0.027807 0.514829 0.051948 0.280361
1 0.294044 0.873681 0.076068 0.252639
1 0.401648 0.285597 0.059370 0.230880
1 0.372893 0.662426 0.048234 0.295204
1 0.476789 0.496690 0.122453 0.267157
1 0.525029 0.385370 0.063078 0.255611
1 0.635417 0.549458 0.072354 0.293546
1 0.729107 0.526370 0.061224 0.250667
1 0.769461 0.674796 0.078849 0.296852
