1 0.621074 0.378840 0.047305 0.186347
1 0.671633 0.430785 0.072359 0.191292
2 0.358090 0.778757 0.038961 0.230875
2 0.404008 0.283188 0.038031 0.166569
2 0.965230 0.610542 0.032461 0.204500
1 0.109480 0.581688 0.053805 0.239125
1 0.310313 0.560243 0.054734 0.225931
1 0.532020 0.514069 0.043602 0.202833
0 0.607621 0.478611 0.018555 0.032972
1 0.582113 0.650125 0.049164 0.277056
1 0.634523 0.647653 0.042672 0.245722
1 0.673949 0.629507 0.047305 0.298486
1 0.577477 0.428312 0.062156 0.150069
1 0.593707 0.266694 0.046383 0.166556
