2 0.282484 0.446458 0.049172 0.219333
2 0.957344 0.425014 0.057516 0.232528
2 0.509758 0.924708 0.067719 0.146778
0 0.653543 0.487681 0.023195 0.041222
1 0.272277 0.698778 0.071430 0.245722
1 0.336289 0.707021 0.069578 0.265514
1 0.398441 0.524785 0.062148 0.181403
1 0.461520 0.528090 0.078852 0.184708
1 0.490277 0.537986 0.084414 0.188000
1 0.648906 0.630333 0.052875 0.286944
1 0.887309 0.708667 0.091836 0.272111
1 0.877102 0.580854 0.067719 0.247375
1 0.871539 0.523139 0.030609 0.230889
1 0.552426 0.372243 0.056586 0.159958
