2 0.142875 0.493451 0.044531 0.217681
2 0.712449 0.865465 0.081633 0.269069
2 0.672559 0.235361 0.040820 0.133583
0 0.695750 0.400278 0.018547 0.031333
1 0.218016 0.760618 0.072359 0.280347
1 0.269961 0.569312 0.068641 0.257264
1 0.306602 0.557771 0.058438 0.277069
1 0.374785 0.563542 0.087195 0.245722
1 0.532020 0.429139 0.058445 0.247361
1 0.649832 0.526438 0.054727 0.253958
1 0.692965 0.355750 0.096477 0.199556
1 0.691574 0.422535 0.049164 0.207792
1 0.802430 0.408528 0.064938 0.192944
1 0.872465 0.761444 0.073289 0.295194
