1 0.282484 0.792771 0.082563 0.229236
1 0.285266 0.488507 0.065859 0.260569
1 0.295008 0.573438 0.055656 0.265514
1 0.332574 0.503354 0.064008 0.270458
1 0.536195 0.440681 0.064938 0.293556
1 0.578867 0.354931 0.059375 0.240778
1 0.680441 0.572618 0.112242 0.234181
1 0.706883 0.450576 0.055656 0.313347
1 0.730535 0.466250 0.036180 0.245722
1 0.847883 0.833174 0.072359 0.323236
0 0.717086 0.282368 0.025969 0.042875
2 0.112727 0.554472 0.058437 0.257278
2 0.731465 0.258451 0.051023 0.202847
2 0.712910 0.881833 0.065867 0.232528
